Build Timestamp (UTC)	Build	Job	Job URL	Build Trigger	Allow Job Failure	PR#	Branch	Commit	Commit Range	Commit Message	Sketch Filename	Board ID	IDE Version	Program Storage (bytes)	Dynamic Memory (bytes)	# Warnings	Allow Failure	Exit Status	# Board Issues	Board Issue	# Library Issues	Library Issue
2018-01-31 22:53:44	608	608.2	https://travis-ci.org/per1234/arduino-ci-script/jobs/335867374	push	false	false	formatting-checks	2f85f20e51cbfe5a7f6786222aa14a6cc04ea192	a4ee7ee8a986...2f85f20e51cb	Add more formatting checks	/home/travis/arduino-ide/arduino/examples/01.Basics/BareMinimum/BareMinimum.ino	arduino:sam:arduino_due_x_dbg	1.8.5	22084		0	false	0	0		0	
2018-01-31 22:53:51	608	608.2	https://travis-ci.org/per1234/arduino-ci-script/jobs/335867374	push	false	false	formatting-checks	2f85f20e51cbfe5a7f6786222aa14a6cc04ea192	a4ee7ee8a986...2f85f20e51cb	Add more formatting checks	/home/travis/arduino-ide/arduino/examples/01.Basics/BareMinimum/BareMinimum.ino	MiniCore:avr:328:variant=modelP,BOD=2v7,LTO=Os,clock=16MHz_external	1.8.1	450	9	0	false	0	0		0	
2018-01-31 22:53:58	608	608.2	https://travis-ci.org/per1234/arduino-ci-script/jobs/335867374	push	false	false	formatting-checks	2f85f20e51cbfe5a7f6786222aa14a6cc04ea192	a4ee7ee8a986...2f85f20e51cb	Add more formatting checks	/home/travis/arduino-ide/arduino/examples/01.Basics/BareMinimum/BareMinimum.ino	ATTinyCore-master:avr:attinyx5:LTO=disable,TimerClockSource=default,chip=85,clock=8internal,bod=disable	1.8.1	304	9	0	false	0	0		0	
2018-01-31 22:54:05	608	608.2	https://travis-ci.org/per1234/arduino-ci-script/jobs/335867374	push	false	false	formatting-checks	2f85f20e51cbfe5a7f6786222aa14a6cc04ea192	a4ee7ee8a986...2f85f20e51cb	Add more formatting checks	/home/travis/arduino-ide/arduino/examples/01.Basics/BareMinimum/BareMinimum.ino	ATTinyCore-master:avr:attinyx5:LTO=disable,TimerClockSource=default,chip=85,clock=8internal,bod=disable	1.8.2	304	9	0	false	0	0		0	
2018-01-31 22:54:12	608	608.2	https://travis-ci.org/per1234/arduino-ci-script/jobs/335867374	push	false	false	formatting-checks	2f85f20e51cbfe5a7f6786222aa14a6cc04ea192	a4ee7ee8a986...2f85f20e51cb	Add more formatting checks	/home/travis/arduino-ide/arduino/examples/01.Basics/BareMinimum/BareMinimum.ino	MightyCore:avr:1284:pinout=standard,variant=modelP,BOD=2v7,LTO=Os,clock=16MHz_external	1.8.1	512	9	0	false	0	0		0	
2018-01-31 22:54:18	608	608.2	https://travis-ci.org/per1234/arduino-ci-script/jobs/335867374	push	false	false	formatting-checks	2f85f20e51cbfe5a7f6786222aa14a6cc04ea192	a4ee7ee8a986...2f85f20e51cb	Add more formatting checks	/home/travis/arduino-ide/arduino/examples/01.Basics/BareMinimum/BareMinimum.ino	MightyCore:avr:1284:pinout=standard,variant=modelP,BOD=2v7,LTO=Os,clock=16MHz_external	1.8.2	512	9	0	false	0	0		0	
2018-01-31 22:54:25	608	608.2	https://travis-ci.org/per1234/arduino-ci-script/jobs/335867374	push	false	false	formatting-checks	2f85f20e51cbfe5a7f6786222aa14a6cc04ea192	a4ee7ee8a986...2f85f20e51cb	Add more formatting checks	/home/travis/arduino-ide/arduino/examples/01.Basics/BareMinimum/BareMinimum.ino	mighty-1284p:avr:avr_developers	1.8.5	510	9	0	false	0	0		0	
2018-01-31 22:54:32	608	608.2	https://travis-ci.org/per1234/arduino-ci-script/jobs/335867374	push	false	false	formatting-checks	2f85f20e51cbfe5a7f6786222aa14a6cc04ea192	a4ee7ee8a986...2f85f20e51cb	Add more formatting checks	MPU9250.ino	arduino:avr:uno	1.8.5	7904	462	1	false	0	0		0	
2018-01-31 22:54:39	608	608.2	https://travis-ci.org/per1234/arduino-ci-script/jobs/335867374	push	false	false	formatting-checks	2f85f20e51cbfe5a7f6786222aa14a6cc04ea192	a4ee7ee8a986...2f85f20e51cb	Add more formatting checks	/home/travis/arduino-sketchbook/libraries/CapacitiveSensor-0.5.1/examples/CapacitiveSensorSketch/CapacitiveSensorSketch.pde	arduino:avr:uno	1.8.5	4018	280	0	false	0	0		0	
2018-01-31 22:54:43	608	608.2	https://travis-ci.org/per1234/arduino-ci-script/jobs/335867374	push	false	false	formatting-checks	2f85f20e51cbfe5a7f6786222aa14a6cc04ea192	a4ee7ee8a986...2f85f20e51cb	Add more formatting checks	/home/travis/arduino-sketchbook/libraries/NewPing/examples/NewPingExample/NewPingExample.pde	arduino:avr:uno	1.5.2	2464	222	0	false	0	0		0	
2018-01-31 22:54:49	608	608.2	https://travis-ci.org/per1234/arduino-ci-script/jobs/335867374	push	false	false	formatting-checks	2f85f20e51cbfe5a7f6786222aa14a6cc04ea192	a4ee7ee8a986...2f85f20e51cb	Add more formatting checks	/home/travis/arduino-sketchbook/libraries/NewPing/examples/NewPingExample/NewPingExample.pde	arduino:avr:uno	1.8.1	2464	222	0	false	0	0		0	
2018-01-31 22:54:56	608	608.2	https://travis-ci.org/per1234/arduino-ci-script/jobs/335867374	push	false	false	formatting-checks	2f85f20e51cbfe5a7f6786222aa14a6cc04ea192	a4ee7ee8a986...2f85f20e51cb	Add more formatting checks	/home/travis/arduino-sketchbook/libraries/NewPing/examples/NewPingExample/NewPingExample.pde	arduino:avr:uno	1.8.2	2464	222	0	false	0	0		0	
2018-01-31 22:55:03	608	608.2	https://travis-ci.org/per1234/arduino-ci-script/jobs/335867374	push	false	false	formatting-checks	2f85f20e51cbfe5a7f6786222aa14a6cc04ea192	a4ee7ee8a986...2f85f20e51cb	Add more formatting checks	/home/travis/arduino-sketchbook/libraries/NewPing/examples/NewPingExample/NewPingExample.pde	arduino:avr:uno	1.8.5	2464	222	0	false	0	0		0	
2018-01-31 22:55:10	608	608.2	https://travis-ci.org/per1234/arduino-ci-script/jobs/335867374	push	false	false	formatting-checks	2f85f20e51cbfe5a7f6786222aa14a6cc04ea192	a4ee7ee8a986...2f85f20e51cb	Add more formatting checks	/home/travis/arduino-sketchbook/libraries/NewPing/examples/NewPingExample/NewPingExample.pde	arduino:avr:uno	hourly	2464	222	0	false	0	0		0	
2018-01-31 22:55:16	608	608.2	https://travis-ci.org/per1234/arduino-ci-script/jobs/335867374	push	false	false	formatting-checks	2f85f20e51cbfe5a7f6786222aa14a6cc04ea192	a4ee7ee8a986...2f85f20e51cb	Add more formatting checks	/home/travis/arduino-sketchbook/libraries/WirelessOregonV2/examples/OregonReceiver/OregonReceiver.ino	arduino:avr:uno	1.8.5	3248	278	0	false	0	0		0	
2018-01-31 22:55:23	608	608.2	https://travis-ci.org/per1234/arduino-ci-script/jobs/335867374	push	false	false	formatting-checks	2f85f20e51cbfe5a7f6786222aa14a6cc04ea192	a4ee7ee8a986...2f85f20e51cb	Add more formatting checks	/home/travis/arduino-sketchbook/libraries/NanodeUNIO/examples/NanodeUNIO_test/NanodeUNIO_test.pde	arduino:avr:uno	1.8.5	4668	406	2	false	0	0		0	
2018-01-31 22:55:30	608	608.2	https://travis-ci.org/per1234/arduino-ci-script/jobs/335867374	push	false	false	formatting-checks	2f85f20e51cbfe5a7f6786222aa14a6cc04ea192	a4ee7ee8a986...2f85f20e51cb	Add more formatting checks	/home/travis/arduino-sketchbook/libraries/ArduinoShell/examples/ShellBlink/ShellBlink.ino	arduino:avr:uno	1.8.5	9250	440	0	false	0	0		0	
2018-01-31 22:55:37	608	608.2	https://travis-ci.org/per1234/arduino-ci-script/jobs/335867374	push	false	false	formatting-checks	2f85f20e51cbfe5a7f6786222aa14a6cc04ea192	a4ee7ee8a986...2f85f20e51cb	Add more formatting checks	/home/travis/arduino-sketchbook/libraries/max_7456/examples/HelloWorld/HelloWorld.ino	arduino:avr:uno	1.8.5	5522	282	1	false	0	0		0	
2018-01-31 22:55:44	608	608.2	https://travis-ci.org/per1234/arduino-ci-script/jobs/335867374	push	false	false	formatting-checks	2f85f20e51cbfe5a7f6786222aa14a6cc04ea192	a4ee7ee8a986...2f85f20e51cb	Add more formatting checks	/home/travis/arduino-sketchbook/libraries/Pushetta/examples/simple_notification/simple_notification.ino	arduino:avr:uno	1.8.5	8272	654	2	false	0	0		0	
2018-01-31 22:55:48	608	608.2	https://travis-ci.org/per1234/arduino-ci-script/jobs/335867374	push	false	false	formatting-checks	2f85f20e51cbfe5a7f6786222aa14a6cc04ea192	a4ee7ee8a986...2f85f20e51cb	Add more formatting checks	/home/travis/arduino-ide/arduino/examples/01.Basics/BareMinimum/BareMinimum.ino	arduino:avr:uno	1.5.2	444	9	0	false	0	0		0	
2018-01-31 22:55:54	608	608.2	https://travis-ci.org/per1234/arduino-ci-script/jobs/335867374	push	false	false	formatting-checks	2f85f20e51cbfe5a7f6786222aa14a6cc04ea192	a4ee7ee8a986...2f85f20e51cb	Add more formatting checks	/home/travis/arduino-ide/arduino/examples/01.Basics/BareMinimum/BareMinimum.ino	arduino:avr:uno	1.8.1	444	9	0	false	0	0		0	
2018-01-31 22:56:01	608	608.2	https://travis-ci.org/per1234/arduino-ci-script/jobs/335867374	push	false	false	formatting-checks	2f85f20e51cbfe5a7f6786222aa14a6cc04ea192	a4ee7ee8a986...2f85f20e51cb	Add more formatting checks	/home/travis/arduino-ide/arduino/examples/01.Basics/BareMinimum/BareMinimum.ino	arduino:avr:uno	1.8.2	444	9	0	false	0	0		0	
2018-01-31 22:56:07	608	608.2	https://travis-ci.org/per1234/arduino-ci-script/jobs/335867374	push	false	false	formatting-checks	2f85f20e51cbfe5a7f6786222aa14a6cc04ea192	a4ee7ee8a986...2f85f20e51cb	Add more formatting checks	/home/travis/arduino-ide/arduino/examples/01.Basics/BareMinimum/BareMinimum.ino	arduino:avr:uno	1.8.5	444	9	0	false	0	0		0	
2018-01-31 22:56:13	608	608.2	https://travis-ci.org/per1234/arduino-ci-script/jobs/335867374	push	false	false	formatting-checks	2f85f20e51cbfe5a7f6786222aa14a6cc04ea192	a4ee7ee8a986...2f85f20e51cb	Add more formatting checks	/home/travis/arduino-ide/arduino/examples/01.Basics/BareMinimum/BareMinimum.ino	arduino:avr:uno	hourly	444	9	0	false	0	0		0	
2018-01-31 22:56:17	608	608.2	https://travis-ci.org/per1234/arduino-ci-script/jobs/335867374	push	false	false	formatting-checks	2f85f20e51cbfe5a7f6786222aa14a6cc04ea192	a4ee7ee8a986...2f85f20e51cb	Add more formatting checks	/home/travis/arduino-ide/arduino/examples/01.Basics/BareMinimum/BareMinimum.ino	arduino:avr:uno	1.5.2	444	9	0	false	0	0		0	
2018-01-31 22:56:23	608	608.2	https://travis-ci.org/per1234/arduino-ci-script/jobs/335867374	push	false	false	formatting-checks	2f85f20e51cbfe5a7f6786222aa14a6cc04ea192	a4ee7ee8a986...2f85f20e51cb	Add more formatting checks	/home/travis/arduino-sketchbook/libraries/WirelessOregonV2/examples/OregonReceiver/OregonReceiver.ino	arduino:sam:arduino_due_x_dbg	1.8.5				true	1				
2018-01-31 22:56:29	608	608.2	https://travis-ci.org/per1234/arduino-ci-script/jobs/335867374	push	false	false	formatting-checks	2f85f20e51cbfe5a7f6786222aa14a6cc04ea192	a4ee7ee8a986...2f85f20e51cb	Add more formatting checks	/home/travis/arduino-ide/arduino/examples/01.Basics/ReadAnalogVoltage/ReadAnalogVoltage.ino	arduino:avr:uno	1.8.1	3012	200	0	false	0	0		0	
2018-01-31 22:56:33	608	608.2	https://travis-ci.org/per1234/arduino-ci-script/jobs/335867374	push	false	false	formatting-checks	2f85f20e51cbfe5a7f6786222aa14a6cc04ea192	a4ee7ee8a986...2f85f20e51cb	Add more formatting checks	/home/travis/arduino-ide/arduino/examples/01.Basics/AnalogReadSerial/AnalogReadSerial.ino	arduino:avr:uno	1.8.1	1888	188	0	false	0	0		0	
2018-01-31 22:56:36	608	608.2	https://travis-ci.org/per1234/arduino-ci-script/jobs/335867374	push	false	false	formatting-checks	2f85f20e51cbfe5a7f6786222aa14a6cc04ea192	a4ee7ee8a986...2f85f20e51cb	Add more formatting checks	/home/travis/arduino-ide/arduino/examples/01.Basics/Fade/Fade.ino	arduino:avr:uno	1.8.1	1150	13	0	false	0	0		0	
2018-01-31 22:56:40	608	608.2	https://travis-ci.org/per1234/arduino-ci-script/jobs/335867374	push	false	false	formatting-checks	2f85f20e51cbfe5a7f6786222aa14a6cc04ea192	a4ee7ee8a986...2f85f20e51cb	Add more formatting checks	/home/travis/arduino-ide/arduino/examples/01.Basics/Blink/Blink.ino	arduino:avr:uno	1.8.1	928	9	0	false	0	0		0	
2018-01-31 22:56:43	608	608.2	https://travis-ci.org/per1234/arduino-ci-script/jobs/335867374	push	false	false	formatting-checks	2f85f20e51cbfe5a7f6786222aa14a6cc04ea192	a4ee7ee8a986...2f85f20e51cb	Add more formatting checks	/home/travis/arduino-ide/arduino/examples/01.Basics/DigitalReadSerial/DigitalReadSerial.ino	arduino:avr:uno	1.8.1	2108	188	0	false	0	0		0	
2018-01-31 22:56:47	608	608.2	https://travis-ci.org/per1234/arduino-ci-script/jobs/335867374	push	false	false	formatting-checks	2f85f20e51cbfe5a7f6786222aa14a6cc04ea192	a4ee7ee8a986...2f85f20e51cb	Add more formatting checks	/home/travis/arduino-ide/arduino/examples/01.Basics/BareMinimum/BareMinimum.ino	arduino:avr:uno	1.8.1	444	9	0	false	0	0		0	
2018-01-31 22:56:50	608	608.2	https://travis-ci.org/per1234/arduino-ci-script/jobs/335867374	push	false	false	formatting-checks	2f85f20e51cbfe5a7f6786222aa14a6cc04ea192	a4ee7ee8a986...2f85f20e51cb	Add more formatting checks	/home/travis/arduino-ide/arduino/examples/01.Basics/ReadAnalogVoltage/ReadAnalogVoltage.ino	arduino:avr:uno	1.5.2	3012	200	0	false	0	0		0	
2018-01-31 22:56:54	608	608.2	https://travis-ci.org/per1234/arduino-ci-script/jobs/335867374	push	false	false	formatting-checks	2f85f20e51cbfe5a7f6786222aa14a6cc04ea192	a4ee7ee8a986...2f85f20e51cb	Add more formatting checks	/home/travis/arduino-ide/arduino/examples/01.Basics/AnalogReadSerial/AnalogReadSerial.ino	arduino:avr:uno	1.5.2	1888	188	0	false	0	0		0	
2018-01-31 22:56:57	608	608.2	https://travis-ci.org/per1234/arduino-ci-script/jobs/335867374	push	false	false	formatting-checks	2f85f20e51cbfe5a7f6786222aa14a6cc04ea192	a4ee7ee8a986...2f85f20e51cb	Add more formatting checks	/home/travis/arduino-ide/arduino/examples/01.Basics/Fade/Fade.ino	arduino:avr:uno	1.5.2	1150	13	0	false	0	0		0	
2018-01-31 22:57:01	608	608.2	https://travis-ci.org/per1234/arduino-ci-script/jobs/335867374	push	false	false	formatting-checks	2f85f20e51cbfe5a7f6786222aa14a6cc04ea192	a4ee7ee8a986...2f85f20e51cb	Add more formatting checks	/home/travis/arduino-ide/arduino/examples/01.Basics/Blink/Blink.ino	arduino:avr:uno	1.5.2	928	9	0	false	0	0		0	
2018-01-31 22:57:05	608	608.2	https://travis-ci.org/per1234/arduino-ci-script/jobs/335867374	push	false	false	formatting-checks	2f85f20e51cbfe5a7f6786222aa14a6cc04ea192	a4ee7ee8a986...2f85f20e51cb	Add more formatting checks	/home/travis/arduino-ide/arduino/examples/01.Basics/DigitalReadSerial/DigitalReadSerial.ino	arduino:avr:uno	1.5.2	2108	188	0	false	0	0		0	
2018-01-31 22:57:08	608	608.2	https://travis-ci.org/per1234/arduino-ci-script/jobs/335867374	push	false	false	formatting-checks	2f85f20e51cbfe5a7f6786222aa14a6cc04ea192	a4ee7ee8a986...2f85f20e51cb	Add more formatting checks	/home/travis/arduino-ide/arduino/examples/01.Basics/BareMinimum/BareMinimum.ino	arduino:avr:uno	1.5.2	444	9	0	false	0	0		0	
2018-01-31 22:57:15	608	608.2	https://travis-ci.org/per1234/arduino-ci-script/jobs/335867374	push	false	false	formatting-checks	2f85f20e51cbfe5a7f6786222aa14a6cc04ea192	a4ee7ee8a986...2f85f20e51cb	Add more formatting checks	/home/travis/arduino-ide/arduino/examples/01.Basics/ReadAnalogVoltage/ReadAnalogVoltage.ino	arduino:avr:uno	1.8.5	3012	200	0	false	0	0		0	
2018-01-31 22:57:18	608	608.2	https://travis-ci.org/per1234/arduino-ci-script/jobs/335867374	push	false	false	formatting-checks	2f85f20e51cbfe5a7f6786222aa14a6cc04ea192	a4ee7ee8a986...2f85f20e51cb	Add more formatting checks	/home/travis/arduino-ide/arduino/examples/01.Basics/AnalogReadSerial/AnalogReadSerial.ino	arduino:avr:uno	1.8.5	1888	188	0	false	0	0		0	
2018-01-31 22:57:22	608	608.2	https://travis-ci.org/per1234/arduino-ci-script/jobs/335867374	push	false	false	formatting-checks	2f85f20e51cbfe5a7f6786222aa14a6cc04ea192	a4ee7ee8a986...2f85f20e51cb	Add more formatting checks	/home/travis/arduino-ide/arduino/examples/01.Basics/Fade/Fade.ino	arduino:avr:uno	1.8.5	1150	13	0	false	0	0		0	
2018-01-31 22:57:25	608	608.2	https://travis-ci.org/per1234/arduino-ci-script/jobs/335867374	push	false	false	formatting-checks	2f85f20e51cbfe5a7f6786222aa14a6cc04ea192	a4ee7ee8a986...2f85f20e51cb	Add more formatting checks	/home/travis/arduino-ide/arduino/examples/01.Basics/Blink/Blink.ino	arduino:avr:uno	1.8.5	928	9	0	false	0	0		0	
2018-01-31 22:57:29	608	608.2	https://travis-ci.org/per1234/arduino-ci-script/jobs/335867374	push	false	false	formatting-checks	2f85f20e51cbfe5a7f6786222aa14a6cc04ea192	a4ee7ee8a986...2f85f20e51cb	Add more formatting checks	/home/travis/arduino-ide/arduino/examples/01.Basics/DigitalReadSerial/DigitalReadSerial.ino	arduino:avr:uno	1.8.5	2108	188	0	false	0	0		0	
2018-01-31 22:57:33	608	608.2	https://travis-ci.org/per1234/arduino-ci-script/jobs/335867374	push	false	false	formatting-checks	2f85f20e51cbfe5a7f6786222aa14a6cc04ea192	a4ee7ee8a986...2f85f20e51cb	Add more formatting checks	/home/travis/arduino-ide/arduino/examples/01.Basics/BareMinimum/BareMinimum.ino	arduino:avr:uno	1.8.5	444	9	0	false	0	0		0	
2018-01-31 22:57:36	608	608.2	https://travis-ci.org/per1234/arduino-ci-script/jobs/335867374	push	false	false	formatting-checks	2f85f20e51cbfe5a7f6786222aa14a6cc04ea192	a4ee7ee8a986...2f85f20e51cb	Add more formatting checks	/home/travis/arduino-ide/arduino/examples/01.Basics/ReadAnalogVoltage/ReadAnalogVoltage.ino	arduino:avr:uno	1.5.2	3012	200	0	false	0	0		0	
2018-01-31 22:57:40	608	608.2	https://travis-ci.org/per1234/arduino-ci-script/jobs/335867374	push	false	false	formatting-checks	2f85f20e51cbfe5a7f6786222aa14a6cc04ea192	a4ee7ee8a986...2f85f20e51cb	Add more formatting checks	/home/travis/arduino-ide/arduino/examples/01.Basics/AnalogReadSerial/AnalogReadSerial.ino	arduino:avr:uno	1.5.2	1888	188	0	false	0	0		0	
2018-01-31 22:57:43	608	608.2	https://travis-ci.org/per1234/arduino-ci-script/jobs/335867374	push	false	false	formatting-checks	2f85f20e51cbfe5a7f6786222aa14a6cc04ea192	a4ee7ee8a986...2f85f20e51cb	Add more formatting checks	/home/travis/arduino-ide/arduino/examples/01.Basics/Fade/Fade.ino	arduino:avr:uno	1.5.2	1150	13	0	false	0	0		0	
2018-01-31 22:57:47	608	608.2	https://travis-ci.org/per1234/arduino-ci-script/jobs/335867374	push	false	false	formatting-checks	2f85f20e51cbfe5a7f6786222aa14a6cc04ea192	a4ee7ee8a986...2f85f20e51cb	Add more formatting checks	/home/travis/arduino-ide/arduino/examples/01.Basics/Blink/Blink.ino	arduino:avr:uno	1.5.2	928	9	0	false	0	0		0	
2018-01-31 22:57:50	608	608.2	https://travis-ci.org/per1234/arduino-ci-script/jobs/335867374	push	false	false	formatting-checks	2f85f20e51cbfe5a7f6786222aa14a6cc04ea192	a4ee7ee8a986...2f85f20e51cb	Add more formatting checks	/home/travis/arduino-ide/arduino/examples/01.Basics/DigitalReadSerial/DigitalReadSerial.ino	arduino:avr:uno	1.5.2	2108	188	0	false	0	0		0	
2018-01-31 22:57:54	608	608.2	https://travis-ci.org/per1234/arduino-ci-script/jobs/335867374	push	false	false	formatting-checks	2f85f20e51cbfe5a7f6786222aa14a6cc04ea192	a4ee7ee8a986...2f85f20e51cb	Add more formatting checks	/home/travis/arduino-ide/arduino/examples/01.Basics/BareMinimum/BareMinimum.ino	arduino:avr:uno	1.5.2	444	9	0	false	0	0		0	
2018-01-31 22:58:00	608	608.2	https://travis-ci.org/per1234/arduino-ci-script/jobs/335867374	push	false	false	formatting-checks	2f85f20e51cbfe5a7f6786222aa14a6cc04ea192	a4ee7ee8a986...2f85f20e51cb	Add more formatting checks	/home/travis/arduino-ide/arduino/examples/01.Basics/ReadAnalogVoltage/ReadAnalogVoltage.ino	arduino:avr:uno	1.8.1	3012	200	0	false	0	0		0	
2018-01-31 22:58:04	608	608.2	https://travis-ci.org/per1234/arduino-ci-script/jobs/335867374	push	false	false	formatting-checks	2f85f20e51cbfe5a7f6786222aa14a6cc04ea192	a4ee7ee8a986...2f85f20e51cb	Add more formatting checks	/home/travis/arduino-ide/arduino/examples/01.Basics/AnalogReadSerial/AnalogReadSerial.ino	arduino:avr:uno	1.8.1	1888	188	0	false	0	0		0	
2018-01-31 22:58:07	608	608.2	https://travis-ci.org/per1234/arduino-ci-script/jobs/335867374	push	false	false	formatting-checks	2f85f20e51cbfe5a7f6786222aa14a6cc04ea192	a4ee7ee8a986...2f85f20e51cb	Add more formatting checks	/home/travis/arduino-ide/arduino/examples/01.Basics/Fade/Fade.ino	arduino:avr:uno	1.8.1	1150	13	0	false	0	0		0	
2018-01-31 22:58:11	608	608.2	https://travis-ci.org/per1234/arduino-ci-script/jobs/335867374	push	false	false	formatting-checks	2f85f20e51cbfe5a7f6786222aa14a6cc04ea192	a4ee7ee8a986...2f85f20e51cb	Add more formatting checks	/home/travis/arduino-ide/arduino/examples/01.Basics/Blink/Blink.ino	arduino:avr:uno	1.8.1	928	9	0	false	0	0		0	
2018-01-31 22:58:14	608	608.2	https://travis-ci.org/per1234/arduino-ci-script/jobs/335867374	push	false	false	formatting-checks	2f85f20e51cbfe5a7f6786222aa14a6cc04ea192	a4ee7ee8a986...2f85f20e51cb	Add more formatting checks	/home/travis/arduino-ide/arduino/examples/01.Basics/DigitalReadSerial/DigitalReadSerial.ino	arduino:avr:uno	1.8.1	2108	188	0	false	0	0		0	
2018-01-31 22:58:17	608	608.2	https://travis-ci.org/per1234/arduino-ci-script/jobs/335867374	push	false	false	formatting-checks	2f85f20e51cbfe5a7f6786222aa14a6cc04ea192	a4ee7ee8a986...2f85f20e51cb	Add more formatting checks	/home/travis/arduino-ide/arduino/examples/01.Basics/BareMinimum/BareMinimum.ino	arduino:avr:uno	1.8.1	444	9	0	false	0	0		0	
2018-01-31 22:58:24	608	608.2	https://travis-ci.org/per1234/arduino-ci-script/jobs/335867374	push	false	false	formatting-checks	2f85f20e51cbfe5a7f6786222aa14a6cc04ea192	a4ee7ee8a986...2f85f20e51cb	Add more formatting checks	/home/travis/arduino-ide/arduino/examples/01.Basics/ReadAnalogVoltage/ReadAnalogVoltage.ino	arduino:avr:uno	1.8.2	3012	200	0	false	0	0		0	
2018-01-31 22:58:28	608	608.2	https://travis-ci.org/per1234/arduino-ci-script/jobs/335867374	push	false	false	formatting-checks	2f85f20e51cbfe5a7f6786222aa14a6cc04ea192	a4ee7ee8a986...2f85f20e51cb	Add more formatting checks	/home/travis/arduino-ide/arduino/examples/01.Basics/AnalogReadSerial/AnalogReadSerial.ino	arduino:avr:uno	1.8.2	1888	188	0	false	0	0		0	
2018-01-31 22:58:31	608	608.2	https://travis-ci.org/per1234/arduino-ci-script/jobs/335867374	push	false	false	formatting-checks	2f85f20e51cbfe5a7f6786222aa14a6cc04ea192	a4ee7ee8a986...2f85f20e51cb	Add more formatting checks	/home/travis/arduino-ide/arduino/examples/01.Basics/Fade/Fade.ino	arduino:avr:uno	1.8.2	1150	13	0	false	0	0		0	
2018-01-31 22:58:35	608	608.2	https://travis-ci.org/per1234/arduino-ci-script/jobs/335867374	push	false	false	formatting-checks	2f85f20e51cbfe5a7f6786222aa14a6cc04ea192	a4ee7ee8a986...2f85f20e51cb	Add more formatting checks	/home/travis/arduino-ide/arduino/examples/01.Basics/Blink/Blink.ino	arduino:avr:uno	1.8.2	928	9	0	false	0	0		0	
2018-01-31 22:58:38	608	608.2	https://travis-ci.org/per1234/arduino-ci-script/jobs/335867374	push	false	false	formatting-checks	2f85f20e51cbfe5a7f6786222aa14a6cc04ea192	a4ee7ee8a986...2f85f20e51cb	Add more formatting checks	/home/travis/arduino-ide/arduino/examples/01.Basics/DigitalReadSerial/DigitalReadSerial.ino	arduino:avr:uno	1.8.2	2108	188	0	false	0	0		0	
2018-01-31 22:58:42	608	608.2	https://travis-ci.org/per1234/arduino-ci-script/jobs/335867374	push	false	false	formatting-checks	2f85f20e51cbfe5a7f6786222aa14a6cc04ea192	a4ee7ee8a986...2f85f20e51cb	Add more formatting checks	/home/travis/arduino-ide/arduino/examples/01.Basics/BareMinimum/BareMinimum.ino	arduino:avr:uno	1.8.2	444	9	0	false	0	0		0	
2018-01-31 22:58:48	608	608.2	https://travis-ci.org/per1234/arduino-ci-script/jobs/335867374	push	false	false	formatting-checks	2f85f20e51cbfe5a7f6786222aa14a6cc04ea192	a4ee7ee8a986...2f85f20e51cb	Add more formatting checks	/home/travis/arduino-ide/arduino/examples/01.Basics/ReadAnalogVoltage/ReadAnalogVoltage.ino	arduino:avr:uno	1.8.5	3012	200	0	false	0	0		0	
2018-01-31 22:58:52	608	608.2	https://travis-ci.org/per1234/arduino-ci-script/jobs/335867374	push	false	false	formatting-checks	2f85f20e51cbfe5a7f6786222aa14a6cc04ea192	a4ee7ee8a986...2f85f20e51cb	Add more formatting checks	/home/travis/arduino-ide/arduino/examples/01.Basics/AnalogReadSerial/AnalogReadSerial.ino	arduino:avr:uno	1.8.5	1888	188	0	false	0	0		0	
2018-01-31 22:58:55	608	608.2	https://travis-ci.org/per1234/arduino-ci-script/jobs/335867374	push	false	false	formatting-checks	2f85f20e51cbfe5a7f6786222aa14a6cc04ea192	a4ee7ee8a986...2f85f20e51cb	Add more formatting checks	/home/travis/arduino-ide/arduino/examples/01.Basics/Fade/Fade.ino	arduino:avr:uno	1.8.5	1150	13	0	false	0	0		0	
2018-01-31 22:58:59	608	608.2	https://travis-ci.org/per1234/arduino-ci-script/jobs/335867374	push	false	false	formatting-checks	2f85f20e51cbfe5a7f6786222aa14a6cc04ea192	a4ee7ee8a986...2f85f20e51cb	Add more formatting checks	/home/travis/arduino-ide/arduino/examples/01.Basics/Blink/Blink.ino	arduino:avr:uno	1.8.5	928	9	0	false	0	0		0	
2018-01-31 22:59:02	608	608.2	https://travis-ci.org/per1234/arduino-ci-script/jobs/335867374	push	false	false	formatting-checks	2f85f20e51cbfe5a7f6786222aa14a6cc04ea192	a4ee7ee8a986...2f85f20e51cb	Add more formatting checks	/home/travis/arduino-ide/arduino/examples/01.Basics/DigitalReadSerial/DigitalReadSerial.ino	arduino:avr:uno	1.8.5	2108	188	0	false	0	0		0	
2018-01-31 22:59:06	608	608.2	https://travis-ci.org/per1234/arduino-ci-script/jobs/335867374	push	false	false	formatting-checks	2f85f20e51cbfe5a7f6786222aa14a6cc04ea192	a4ee7ee8a986...2f85f20e51cb	Add more formatting checks	/home/travis/arduino-ide/arduino/examples/01.Basics/BareMinimum/BareMinimum.ino	arduino:avr:uno	1.8.5	444	9	0	false	0	0		0	
2018-01-31 22:59:12	608	608.2	https://travis-ci.org/per1234/arduino-ci-script/jobs/335867374	push	false	false	formatting-checks	2f85f20e51cbfe5a7f6786222aa14a6cc04ea192	a4ee7ee8a986...2f85f20e51cb	Add more formatting checks	/home/travis/arduino-ide/arduino/examples/01.Basics/ReadAnalogVoltage/ReadAnalogVoltage.ino	arduino:avr:uno	hourly	3012	200	0	false	0	0		0	
2018-01-31 22:59:16	608	608.2	https://travis-ci.org/per1234/arduino-ci-script/jobs/335867374	push	false	false	formatting-checks	2f85f20e51cbfe5a7f6786222aa14a6cc04ea192	a4ee7ee8a986...2f85f20e51cb	Add more formatting checks	/home/travis/arduino-ide/arduino/examples/01.Basics/AnalogReadSerial/AnalogReadSerial.ino	arduino:avr:uno	hourly	1888	188	0	false	0	0		0	
2018-01-31 22:59:20	608	608.2	https://travis-ci.org/per1234/arduino-ci-script/jobs/335867374	push	false	false	formatting-checks	2f85f20e51cbfe5a7f6786222aa14a6cc04ea192	a4ee7ee8a986...2f85f20e51cb	Add more formatting checks	/home/travis/arduino-ide/arduino/examples/01.Basics/Fade/Fade.ino	arduino:avr:uno	hourly	1150	13	0	false	0	0		0	
2018-01-31 22:59:23	608	608.2	https://travis-ci.org/per1234/arduino-ci-script/jobs/335867374	push	false	false	formatting-checks	2f85f20e51cbfe5a7f6786222aa14a6cc04ea192	a4ee7ee8a986...2f85f20e51cb	Add more formatting checks	/home/travis/arduino-ide/arduino/examples/01.Basics/Blink/Blink.ino	arduino:avr:uno	hourly	928	9	0	false	0	0		0	
2018-01-31 22:59:26	608	608.2	https://travis-ci.org/per1234/arduino-ci-script/jobs/335867374	push	false	false	formatting-checks	2f85f20e51cbfe5a7f6786222aa14a6cc04ea192	a4ee7ee8a986...2f85f20e51cb	Add more formatting checks	/home/travis/arduino-ide/arduino/examples/01.Basics/DigitalReadSerial/DigitalReadSerial.ino	arduino:avr:uno	hourly	2108	188	0	false	0	0		0	
2018-01-31 22:59:30	608	608.2	https://travis-ci.org/per1234/arduino-ci-script/jobs/335867374	push	false	false	formatting-checks	2f85f20e51cbfe5a7f6786222aa14a6cc04ea192	a4ee7ee8a986...2f85f20e51cb	Add more formatting checks	/home/travis/arduino-ide/arduino/examples/01.Basics/BareMinimum/BareMinimum.ino	arduino:avr:uno	hourly	444	9	0	false	0	0		0	
2018-01-31 22:59:34	608	608.2	https://travis-ci.org/per1234/arduino-ci-script/jobs/335867374	push	false	false	formatting-checks	2f85f20e51cbfe5a7f6786222aa14a6cc04ea192	a4ee7ee8a986...2f85f20e51cb	Add more formatting checks	/home/travis/arduino-ide/arduino/examples/01.Basics/ReadAnalogVoltage/ReadAnalogVoltage.ino	arduino:avr:uno	1.5.2	3012	200	0	false	0	0		0	
2018-01-31 22:59:37	608	608.2	https://travis-ci.org/per1234/arduino-ci-script/jobs/335867374	push	false	false	formatting-checks	2f85f20e51cbfe5a7f6786222aa14a6cc04ea192	a4ee7ee8a986...2f85f20e51cb	Add more formatting checks	/home/travis/arduino-ide/arduino/examples/01.Basics/AnalogReadSerial/AnalogReadSerial.ino	arduino:avr:uno	1.5.2	1888	188	0	false	0	0		0	
2018-01-31 22:59:41	608	608.2	https://travis-ci.org/per1234/arduino-ci-script/jobs/335867374	push	false	false	formatting-checks	2f85f20e51cbfe5a7f6786222aa14a6cc04ea192	a4ee7ee8a986...2f85f20e51cb	Add more formatting checks	/home/travis/arduino-ide/arduino/examples/01.Basics/Fade/Fade.ino	arduino:avr:uno	1.5.2	1150	13	0	false	0	0		0	
2018-01-31 22:59:44	608	608.2	https://travis-ci.org/per1234/arduino-ci-script/jobs/335867374	push	false	false	formatting-checks	2f85f20e51cbfe5a7f6786222aa14a6cc04ea192	a4ee7ee8a986...2f85f20e51cb	Add more formatting checks	/home/travis/arduino-ide/arduino/examples/01.Basics/Blink/Blink.ino	arduino:avr:uno	1.5.2	928	9	0	false	0	0		0	
2018-01-31 22:59:48	608	608.2	https://travis-ci.org/per1234/arduino-ci-script/jobs/335867374	push	false	false	formatting-checks	2f85f20e51cbfe5a7f6786222aa14a6cc04ea192	a4ee7ee8a986...2f85f20e51cb	Add more formatting checks	/home/travis/arduino-ide/arduino/examples/01.Basics/DigitalReadSerial/DigitalReadSerial.ino	arduino:avr:uno	1.5.2	2108	188	0	false	0	0		0	
2018-01-31 22:59:52	608	608.2	https://travis-ci.org/per1234/arduino-ci-script/jobs/335867374	push	false	false	formatting-checks	2f85f20e51cbfe5a7f6786222aa14a6cc04ea192	a4ee7ee8a986...2f85f20e51cb	Add more formatting checks	/home/travis/arduino-ide/arduino/examples/01.Basics/BareMinimum/BareMinimum.ino	arduino:avr:uno	1.5.2	444	9	0	false	0	0		0	
2018-01-31 22:59:58	608	608.2	https://travis-ci.org/per1234/arduino-ci-script/jobs/335867374	push	false	false	formatting-checks	2f85f20e51cbfe5a7f6786222aa14a6cc04ea192	a4ee7ee8a986...2f85f20e51cb	Add more formatting checks	/home/travis/arduino-ide/arduino/examples/01.Basics/ReadAnalogVoltage/ReadAnalogVoltage.ino	arduino:avr:uno	1.8.1	3012	200	0	false	0	0		0	
2018-01-31 23:00:02	608	608.2	https://travis-ci.org/per1234/arduino-ci-script/jobs/335867374	push	false	false	formatting-checks	2f85f20e51cbfe5a7f6786222aa14a6cc04ea192	a4ee7ee8a986...2f85f20e51cb	Add more formatting checks	/home/travis/arduino-ide/arduino/examples/01.Basics/AnalogReadSerial/AnalogReadSerial.ino	arduino:avr:uno	1.8.1	1888	188	0	false	0	0		0	
2018-01-31 23:00:05	608	608.2	https://travis-ci.org/per1234/arduino-ci-script/jobs/335867374	push	false	false	formatting-checks	2f85f20e51cbfe5a7f6786222aa14a6cc04ea192	a4ee7ee8a986...2f85f20e51cb	Add more formatting checks	/home/travis/arduino-ide/arduino/examples/01.Basics/Fade/Fade.ino	arduino:avr:uno	1.8.1	1150	13	0	false	0	0		0	
2018-01-31 23:00:08	608	608.2	https://travis-ci.org/per1234/arduino-ci-script/jobs/335867374	push	false	false	formatting-checks	2f85f20e51cbfe5a7f6786222aa14a6cc04ea192	a4ee7ee8a986...2f85f20e51cb	Add more formatting checks	/home/travis/arduino-ide/arduino/examples/01.Basics/Blink/Blink.ino	arduino:avr:uno	1.8.1	928	9	0	false	0	0		0	
2018-01-31 23:00:12	608	608.2	https://travis-ci.org/per1234/arduino-ci-script/jobs/335867374	push	false	false	formatting-checks	2f85f20e51cbfe5a7f6786222aa14a6cc04ea192	a4ee7ee8a986...2f85f20e51cb	Add more formatting checks	/home/travis/arduino-ide/arduino/examples/01.Basics/DigitalReadSerial/DigitalReadSerial.ino	arduino:avr:uno	1.8.1	2108	188	0	false	0	0		0	
2018-01-31 23:00:15	608	608.2	https://travis-ci.org/per1234/arduino-ci-script/jobs/335867374	push	false	false	formatting-checks	2f85f20e51cbfe5a7f6786222aa14a6cc04ea192	a4ee7ee8a986...2f85f20e51cb	Add more formatting checks	/home/travis/arduino-ide/arduino/examples/01.Basics/BareMinimum/BareMinimum.ino	arduino:avr:uno	1.8.1	444	9	0	false	0	0		0	
2018-01-31 23:00:23	608	608.2	https://travis-ci.org/per1234/arduino-ci-script/jobs/335867374	push	false	false	formatting-checks	2f85f20e51cbfe5a7f6786222aa14a6cc04ea192	a4ee7ee8a986...2f85f20e51cb	Add more formatting checks	/home/travis/arduino-ide/arduino/examples/01.Basics/ReadAnalogVoltage/ReadAnalogVoltage.ino	arduino:avr:uno	1.8.2	3012	200	0	false	0	0		0	
2018-01-31 23:00:26	608	608.2	https://travis-ci.org/per1234/arduino-ci-script/jobs/335867374	push	false	false	formatting-checks	2f85f20e51cbfe5a7f6786222aa14a6cc04ea192	a4ee7ee8a986...2f85f20e51cb	Add more formatting checks	/home/travis/arduino-ide/arduino/examples/01.Basics/AnalogReadSerial/AnalogReadSerial.ino	arduino:avr:uno	1.8.2	1888	188	0	false	0	0		0	
2018-01-31 23:00:30	608	608.2	https://travis-ci.org/per1234/arduino-ci-script/jobs/335867374	push	false	false	formatting-checks	2f85f20e51cbfe5a7f6786222aa14a6cc04ea192	a4ee7ee8a986...2f85f20e51cb	Add more formatting checks	/home/travis/arduino-ide/arduino/examples/01.Basics/Fade/Fade.ino	arduino:avr:uno	1.8.2	1150	13	0	false	0	0		0	
2018-01-31 23:00:34	608	608.2	https://travis-ci.org/per1234/arduino-ci-script/jobs/335867374	push	false	false	formatting-checks	2f85f20e51cbfe5a7f6786222aa14a6cc04ea192	a4ee7ee8a986...2f85f20e51cb	Add more formatting checks	/home/travis/arduino-ide/arduino/examples/01.Basics/Blink/Blink.ino	arduino:avr:uno	1.8.2	928	9	0	false	0	0		0	
2018-01-31 23:00:37	608	608.2	https://travis-ci.org/per1234/arduino-ci-script/jobs/335867374	push	false	false	formatting-checks	2f85f20e51cbfe5a7f6786222aa14a6cc04ea192	a4ee7ee8a986...2f85f20e51cb	Add more formatting checks	/home/travis/arduino-ide/arduino/examples/01.Basics/DigitalReadSerial/DigitalReadSerial.ino	arduino:avr:uno	1.8.2	2108	188	0	false	0	0		0	
2018-01-31 23:00:41	608	608.2	https://travis-ci.org/per1234/arduino-ci-script/jobs/335867374	push	false	false	formatting-checks	2f85f20e51cbfe5a7f6786222aa14a6cc04ea192	a4ee7ee8a986...2f85f20e51cb	Add more formatting checks	/home/travis/arduino-ide/arduino/examples/01.Basics/BareMinimum/BareMinimum.ino	arduino:avr:uno	1.8.2	444	9	0	false	0	0		0	
2018-01-31 23:00:47	608	608.2	https://travis-ci.org/per1234/arduino-ci-script/jobs/335867374	push	false	false	formatting-checks	2f85f20e51cbfe5a7f6786222aa14a6cc04ea192	a4ee7ee8a986...2f85f20e51cb	Add more formatting checks	/home/travis/arduino-ide/arduino/examples/01.Basics/ReadAnalogVoltage/ReadAnalogVoltage.ino	arduino:avr:uno	1.8.5	3012	200	0	false	0	0		0	
2018-01-31 23:00:51	608	608.2	https://travis-ci.org/per1234/arduino-ci-script/jobs/335867374	push	false	false	formatting-checks	2f85f20e51cbfe5a7f6786222aa14a6cc04ea192	a4ee7ee8a986...2f85f20e51cb	Add more formatting checks	/home/travis/arduino-ide/arduino/examples/01.Basics/AnalogReadSerial/AnalogReadSerial.ino	arduino:avr:uno	1.8.5	1888	188	0	false	0	0		0	
2018-01-31 23:00:55	608	608.2	https://travis-ci.org/per1234/arduino-ci-script/jobs/335867374	push	false	false	formatting-checks	2f85f20e51cbfe5a7f6786222aa14a6cc04ea192	a4ee7ee8a986...2f85f20e51cb	Add more formatting checks	/home/travis/arduino-ide/arduino/examples/01.Basics/Fade/Fade.ino	arduino:avr:uno	1.8.5	1150	13	0	false	0	0		0	
2018-01-31 23:00:58	608	608.2	https://travis-ci.org/per1234/arduino-ci-script/jobs/335867374	push	false	false	formatting-checks	2f85f20e51cbfe5a7f6786222aa14a6cc04ea192	a4ee7ee8a986...2f85f20e51cb	Add more formatting checks	/home/travis/arduino-ide/arduino/examples/01.Basics/Blink/Blink.ino	arduino:avr:uno	1.8.5	928	9	0	false	0	0		0	
2018-01-31 23:01:02	608	608.2	https://travis-ci.org/per1234/arduino-ci-script/jobs/335867374	push	false	false	formatting-checks	2f85f20e51cbfe5a7f6786222aa14a6cc04ea192	a4ee7ee8a986...2f85f20e51cb	Add more formatting checks	/home/travis/arduino-ide/arduino/examples/01.Basics/DigitalReadSerial/DigitalReadSerial.ino	arduino:avr:uno	1.8.5	2108	188	0	false	0	0		0	
2018-01-31 23:01:05	608	608.2	https://travis-ci.org/per1234/arduino-ci-script/jobs/335867374	push	false	false	formatting-checks	2f85f20e51cbfe5a7f6786222aa14a6cc04ea192	a4ee7ee8a986...2f85f20e51cb	Add more formatting checks	/home/travis/arduino-ide/arduino/examples/01.Basics/BareMinimum/BareMinimum.ino	arduino:avr:uno	1.8.5	444	9	0	false	0	0		0	
2018-01-31 23:01:12	608	608.2	https://travis-ci.org/per1234/arduino-ci-script/jobs/335867374	push	false	false	formatting-checks	2f85f20e51cbfe5a7f6786222aa14a6cc04ea192	a4ee7ee8a986...2f85f20e51cb	Add more formatting checks	/home/travis/arduino-ide/arduino/examples/01.Basics/ReadAnalogVoltage/ReadAnalogVoltage.ino	arduino:avr:uno	hourly	3012	200	0	false	0	0		0	
2018-01-31 23:01:16	608	608.2	https://travis-ci.org/per1234/arduino-ci-script/jobs/335867374	push	false	false	formatting-checks	2f85f20e51cbfe5a7f6786222aa14a6cc04ea192	a4ee7ee8a986...2f85f20e51cb	Add more formatting checks	/home/travis/arduino-ide/arduino/examples/01.Basics/AnalogReadSerial/AnalogReadSerial.ino	arduino:avr:uno	hourly	1888	188	0	false	0	0		0	
2018-01-31 23:01:19	608	608.2	https://travis-ci.org/per1234/arduino-ci-script/jobs/335867374	push	false	false	formatting-checks	2f85f20e51cbfe5a7f6786222aa14a6cc04ea192	a4ee7ee8a986...2f85f20e51cb	Add more formatting checks	/home/travis/arduino-ide/arduino/examples/01.Basics/Fade/Fade.ino	arduino:avr:uno	hourly	1150	13	0	false	0	0		0	
2018-01-31 23:01:23	608	608.2	https://travis-ci.org/per1234/arduino-ci-script/jobs/335867374	push	false	false	formatting-checks	2f85f20e51cbfe5a7f6786222aa14a6cc04ea192	a4ee7ee8a986...2f85f20e51cb	Add more formatting checks	/home/travis/arduino-ide/arduino/examples/01.Basics/Blink/Blink.ino	arduino:avr:uno	hourly	928	9	0	false	0	0		0	
2018-01-31 23:01:27	608	608.2	https://travis-ci.org/per1234/arduino-ci-script/jobs/335867374	push	false	false	formatting-checks	2f85f20e51cbfe5a7f6786222aa14a6cc04ea192	a4ee7ee8a986...2f85f20e51cb	Add more formatting checks	/home/travis/arduino-ide/arduino/examples/01.Basics/DigitalReadSerial/DigitalReadSerial.ino	arduino:avr:uno	hourly	2108	188	0	false	0	0		0	
2018-01-31 23:01:30	608	608.2	https://travis-ci.org/per1234/arduino-ci-script/jobs/335867374	push	false	false	formatting-checks	2f85f20e51cbfe5a7f6786222aa14a6cc04ea192	a4ee7ee8a986...2f85f20e51cb	Add more formatting checks	/home/travis/arduino-ide/arduino/examples/01.Basics/BareMinimum/BareMinimum.ino	arduino:avr:uno	hourly	444	9	0	false	0	0		0	
2018-01-31 23:01:37	608	608.2	https://travis-ci.org/per1234/arduino-ci-script/jobs/335867374	push	false	false	formatting-checks	2f85f20e51cbfe5a7f6786222aa14a6cc04ea192	a4ee7ee8a986...2f85f20e51cb	Add more formatting checks	/home/travis/arduino-ide/arduino/examples/01.Basics/ReadAnalogVoltage/ReadAnalogVoltage.ino	arduino:avr:uno	1.8.1	3012	200	0	false	0	0		0	
2018-01-31 23:01:40	608	608.2	https://travis-ci.org/per1234/arduino-ci-script/jobs/335867374	push	false	false	formatting-checks	2f85f20e51cbfe5a7f6786222aa14a6cc04ea192	a4ee7ee8a986...2f85f20e51cb	Add more formatting checks	/home/travis/arduino-ide/arduino/examples/01.Basics/AnalogReadSerial/AnalogReadSerial.ino	arduino:avr:uno	1.8.1	1888	188	0	false	0	0		0	
2018-01-31 23:01:44	608	608.2	https://travis-ci.org/per1234/arduino-ci-script/jobs/335867374	push	false	false	formatting-checks	2f85f20e51cbfe5a7f6786222aa14a6cc04ea192	a4ee7ee8a986...2f85f20e51cb	Add more formatting checks	/home/travis/arduino-ide/arduino/examples/01.Basics/Fade/Fade.ino	arduino:avr:uno	1.8.1	1150	13	0	false	0	0		0	
2018-01-31 23:01:47	608	608.2	https://travis-ci.org/per1234/arduino-ci-script/jobs/335867374	push	false	false	formatting-checks	2f85f20e51cbfe5a7f6786222aa14a6cc04ea192	a4ee7ee8a986...2f85f20e51cb	Add more formatting checks	/home/travis/arduino-ide/arduino/examples/01.Basics/Blink/Blink.ino	arduino:avr:uno	1.8.1	928	9	0	false	0	0		0	
2018-01-31 23:01:51	608	608.2	https://travis-ci.org/per1234/arduino-ci-script/jobs/335867374	push	false	false	formatting-checks	2f85f20e51cbfe5a7f6786222aa14a6cc04ea192	a4ee7ee8a986...2f85f20e51cb	Add more formatting checks	/home/travis/arduino-ide/arduino/examples/01.Basics/DigitalReadSerial/DigitalReadSerial.ino	arduino:avr:uno	1.8.1	2108	188	0	false	0	0		0	
2018-01-31 23:01:54	608	608.2	https://travis-ci.org/per1234/arduino-ci-script/jobs/335867374	push	false	false	formatting-checks	2f85f20e51cbfe5a7f6786222aa14a6cc04ea192	a4ee7ee8a986...2f85f20e51cb	Add more formatting checks	/home/travis/arduino-ide/arduino/examples/01.Basics/BareMinimum/BareMinimum.ino	arduino:avr:uno	1.8.1	444	9	0	false	0	0		0	
2018-01-31 23:02:01	608	608.2	https://travis-ci.org/per1234/arduino-ci-script/jobs/335867374	push	false	false	formatting-checks	2f85f20e51cbfe5a7f6786222aa14a6cc04ea192	a4ee7ee8a986...2f85f20e51cb	Add more formatting checks	/home/travis/arduino-ide/arduino/examples/01.Basics/ReadAnalogVoltage/ReadAnalogVoltage.ino	arduino:avr:uno	1.8.2	3012	200	0	false	0	0		0	
2018-01-31 23:02:04	608	608.2	https://travis-ci.org/per1234/arduino-ci-script/jobs/335867374	push	false	false	formatting-checks	2f85f20e51cbfe5a7f6786222aa14a6cc04ea192	a4ee7ee8a986...2f85f20e51cb	Add more formatting checks	/home/travis/arduino-ide/arduino/examples/01.Basics/AnalogReadSerial/AnalogReadSerial.ino	arduino:avr:uno	1.8.2	1888	188	0	false	0	0		0	
2018-01-31 23:02:08	608	608.2	https://travis-ci.org/per1234/arduino-ci-script/jobs/335867374	push	false	false	formatting-checks	2f85f20e51cbfe5a7f6786222aa14a6cc04ea192	a4ee7ee8a986...2f85f20e51cb	Add more formatting checks	/home/travis/arduino-ide/arduino/examples/01.Basics/Fade/Fade.ino	arduino:avr:uno	1.8.2	1150	13	0	false	0	0		0	
2018-01-31 23:02:11	608	608.2	https://travis-ci.org/per1234/arduino-ci-script/jobs/335867374	push	false	false	formatting-checks	2f85f20e51cbfe5a7f6786222aa14a6cc04ea192	a4ee7ee8a986...2f85f20e51cb	Add more formatting checks	/home/travis/arduino-ide/arduino/examples/01.Basics/Blink/Blink.ino	arduino:avr:uno	1.8.2	928	9	0	false	0	0		0	
2018-01-31 23:02:15	608	608.2	https://travis-ci.org/per1234/arduino-ci-script/jobs/335867374	push	false	false	formatting-checks	2f85f20e51cbfe5a7f6786222aa14a6cc04ea192	a4ee7ee8a986...2f85f20e51cb	Add more formatting checks	/home/travis/arduino-ide/arduino/examples/01.Basics/DigitalReadSerial/DigitalReadSerial.ino	arduino:avr:uno	1.8.2	2108	188	0	false	0	0		0	
2018-01-31 23:02:18	608	608.2	https://travis-ci.org/per1234/arduino-ci-script/jobs/335867374	push	false	false	formatting-checks	2f85f20e51cbfe5a7f6786222aa14a6cc04ea192	a4ee7ee8a986...2f85f20e51cb	Add more formatting checks	/home/travis/arduino-ide/arduino/examples/01.Basics/BareMinimum/BareMinimum.ino	arduino:avr:uno	1.8.2	444	9	0	false	0	0		0	
2018-01-31 23:02:25	608	608.2	https://travis-ci.org/per1234/arduino-ci-script/jobs/335867374	push	false	false	formatting-checks	2f85f20e51cbfe5a7f6786222aa14a6cc04ea192	a4ee7ee8a986...2f85f20e51cb	Add more formatting checks	/home/travis/arduino-ide/arduino/examples/01.Basics/ReadAnalogVoltage/ReadAnalogVoltage.ino	arduino:avr:uno	1.8.1	3012	200	0	false	0	0		0	
2018-01-31 23:02:28	608	608.2	https://travis-ci.org/per1234/arduino-ci-script/jobs/335867374	push	false	false	formatting-checks	2f85f20e51cbfe5a7f6786222aa14a6cc04ea192	a4ee7ee8a986...2f85f20e51cb	Add more formatting checks	/home/travis/arduino-ide/arduino/examples/01.Basics/AnalogReadSerial/AnalogReadSerial.ino	arduino:avr:uno	1.8.1	1888	188	0	false	0	0		0	
2018-01-31 23:02:32	608	608.2	https://travis-ci.org/per1234/arduino-ci-script/jobs/335867374	push	false	false	formatting-checks	2f85f20e51cbfe5a7f6786222aa14a6cc04ea192	a4ee7ee8a986...2f85f20e51cb	Add more formatting checks	/home/travis/arduino-ide/arduino/examples/01.Basics/Fade/Fade.ino	arduino:avr:uno	1.8.1	1150	13	0	false	0	0		0	
2018-01-31 23:02:35	608	608.2	https://travis-ci.org/per1234/arduino-ci-script/jobs/335867374	push	false	false	formatting-checks	2f85f20e51cbfe5a7f6786222aa14a6cc04ea192	a4ee7ee8a986...2f85f20e51cb	Add more formatting checks	/home/travis/arduino-ide/arduino/examples/01.Basics/Blink/Blink.ino	arduino:avr:uno	1.8.1	928	9	0	false	0	0		0	
2018-01-31 23:02:39	608	608.2	https://travis-ci.org/per1234/arduino-ci-script/jobs/335867374	push	false	false	formatting-checks	2f85f20e51cbfe5a7f6786222aa14a6cc04ea192	a4ee7ee8a986...2f85f20e51cb	Add more formatting checks	/home/travis/arduino-ide/arduino/examples/01.Basics/DigitalReadSerial/DigitalReadSerial.ino	arduino:avr:uno	1.8.1	2108	188	0	false	0	0		0	
2018-01-31 23:02:42	608	608.2	https://travis-ci.org/per1234/arduino-ci-script/jobs/335867374	push	false	false	formatting-checks	2f85f20e51cbfe5a7f6786222aa14a6cc04ea192	a4ee7ee8a986...2f85f20e51cb	Add more formatting checks	/home/travis/arduino-ide/arduino/examples/01.Basics/BareMinimum/BareMinimum.ino	arduino:avr:uno	1.8.1	444	9	0	false	0	0		0	
2018-01-31 23:02:49	608	608.2	https://travis-ci.org/per1234/arduino-ci-script/jobs/335867374	push	false	false	formatting-checks	2f85f20e51cbfe5a7f6786222aa14a6cc04ea192	a4ee7ee8a986...2f85f20e51cb	Add more formatting checks	/home/travis/arduino-ide/arduino/examples/01.Basics/ReadAnalogVoltage/ReadAnalogVoltage.ino	arduino:avr:uno	1.8.2	3012	200	0	false	0	0		0	
2018-01-31 23:02:52	608	608.2	https://travis-ci.org/per1234/arduino-ci-script/jobs/335867374	push	false	false	formatting-checks	2f85f20e51cbfe5a7f6786222aa14a6cc04ea192	a4ee7ee8a986...2f85f20e51cb	Add more formatting checks	/home/travis/arduino-ide/arduino/examples/01.Basics/AnalogReadSerial/AnalogReadSerial.ino	arduino:avr:uno	1.8.2	1888	188	0	false	0	0		0	
2018-01-31 23:02:55	608	608.2	https://travis-ci.org/per1234/arduino-ci-script/jobs/335867374	push	false	false	formatting-checks	2f85f20e51cbfe5a7f6786222aa14a6cc04ea192	a4ee7ee8a986...2f85f20e51cb	Add more formatting checks	/home/travis/arduino-ide/arduino/examples/01.Basics/Fade/Fade.ino	arduino:avr:uno	1.8.2	1150	13	0	false	0	0		0	
2018-01-31 23:02:59	608	608.2	https://travis-ci.org/per1234/arduino-ci-script/jobs/335867374	push	false	false	formatting-checks	2f85f20e51cbfe5a7f6786222aa14a6cc04ea192	a4ee7ee8a986...2f85f20e51cb	Add more formatting checks	/home/travis/arduino-ide/arduino/examples/01.Basics/Blink/Blink.ino	arduino:avr:uno	1.8.2	928	9	0	false	0	0		0	
2018-01-31 23:03:02	608	608.2	https://travis-ci.org/per1234/arduino-ci-script/jobs/335867374	push	false	false	formatting-checks	2f85f20e51cbfe5a7f6786222aa14a6cc04ea192	a4ee7ee8a986...2f85f20e51cb	Add more formatting checks	/home/travis/arduino-ide/arduino/examples/01.Basics/DigitalReadSerial/DigitalReadSerial.ino	arduino:avr:uno	1.8.2	2108	188	0	false	0	0		0	
2018-01-31 23:03:06	608	608.2	https://travis-ci.org/per1234/arduino-ci-script/jobs/335867374	push	false	false	formatting-checks	2f85f20e51cbfe5a7f6786222aa14a6cc04ea192	a4ee7ee8a986...2f85f20e51cb	Add more formatting checks	/home/travis/arduino-ide/arduino/examples/01.Basics/BareMinimum/BareMinimum.ino	arduino:avr:uno	1.8.2	444	9	0	false	0	0		0	
2018-01-31 23:03:11	608	608.2	https://travis-ci.org/per1234/arduino-ci-script/jobs/335867374	push	false	false	formatting-checks	2f85f20e51cbfe5a7f6786222aa14a6cc04ea192	a4ee7ee8a986...2f85f20e51cb	Add more formatting checks	/home/travis/arduino-sketchbook/libraries/WirelessOregonV2/examples/OregonReceiver/OregonReceiver.ino	arduino:sam:arduino_due_x_dbg	1.8.5				require	1				
2018-01-31 23:03:14	608	608.2	https://travis-ci.org/per1234/arduino-ci-script/jobs/335867374	push	false	false	formatting-checks	2f85f20e51cbfe5a7f6786222aa14a6cc04ea192	a4ee7ee8a986...2f85f20e51cb	Add more formatting checks	/home/travis/arduino-sketchbook/libraries/WirelessOregonV2/examples/OregonTransmitter/OregonTransmitter.ino	arduino:sam:arduino_due_x_dbg	1.8.5				require	1				
